family_ID	#kmer	B_0	B_1	B_2	B_3
CACAGUG	-4.32084003021007	5.11433993103678	0.828571718414179	0.219028763485986
UACAGUA	-1.63736632783097	2.13106652078132	0.526349738794667	-0.22849587270131
ACAGUAC	-1.63736632783097	2.13106652078132	0.526349738794667	-0.22849587270131
ACAGUAU	-1.63736632783097	2.13106652078132	0.526349738794667	-0.22849587270131
UAAGGCA	-0.128984744517133	0.994884613049817	2.02862973111425	6.25825415612202
AAGGCAC	-0.128984744517133	0.994884613049817	2.02862973111425	6.25825415612202
UAGUGUU	-4.35422100305565	5.02961052125792	1.07630611883528	0.374822490308194
GGGUCUU	-0.693313598632812	0.440112304687498	3.14144897460938	2.21954345703125
AGUGCUU	-0.0662385855294944	0.96084687361838	0.902723256484653	2.64825971924722
AGCCCUU	-0.0100807857837498	0.820670586505458	1.35199000186571	4.45473041915239
CAUACUU	-0.529810023829039	0.608930542887004	7.30352864996959	-1.53636970728593
GAAAUGU	-0.10800952162829	0.343761884289255	29.7212454030945	15.6275046994505
GUACCGU	-1.04973632313905	1.14064215178212	1.37896305335183	0.645184562494295
CAGUAGU	-1.50284791881758	2.38330290825852	0.993679249375678	1.86361697445618
AUAAAGU	-0.00848762170254	0.743808836233468	1.01926636939556	4.51266492749264
UGGCACU	-0.0729612725402073	1.43785653498575	0.604744446893277	2.95914141270223
CUGGCUG	-0.00726574546437091	0.192593530084086	10.1403021322948	3.86972702037794
UCCUAUG	-0.693313598632812	0.440112304687498	3.14144897460938	2.21954345703125
UGUGCGG	-0.693313598632812	0.440112304687498	3.14144897460938	2.21954345703125
CCACAGG	-1.31971784026988e-05	0.178740766401401	7.48441006488761	9.88783525241347
AGAUCAG	-6.0596346217613e-08	0.0862720924575882	11.0850663301126	14.7341269019979
ACCACAG	-0.00202525832329312	0.246036618543213	2.26642349424448	4.90483924158217
GCCUGUC	-0.111717172608312	0.346228066094002	274.377385591276	521.766667944362
UGCAGUC	-0.0572443327885331	0.441998971041247	16.0096931645298	45.0043469274127
UGACAUC	-8.33036456671694	8.47686287682643	695.675763019729	417.073222412525
CCUUGGC	-1.21507487179666e-09	0.14742142622478	9.78805868572165	22.5754366536018
CACCUCC	-25.5958614499231	25.690714888604	672.83789298626	601.253091405345
UGGUCCC	-0.00171952747177725	0.876316402329369	2.2419340058545	6.34379957131573
CAGUAAC	-0.00146191504039117	0.557314849974963	1.73350662910409	6.02754132538831
CAGUCCA	-0.386833170311343	0.690378467095408	1.29552132004635	-0.177686579155673
UCCCUUU	-0.693313598632812	0.440112304687498	3.14144897460938	2.21954345703125
UGCAUUG	-4.40201235240098e-12	0.308082282302487	8.52100244275965	25.2206569395459
GAUUGUC	-0.000542447985419077	0.66984420726153	1.79438725207617	7.20771821320138
AGUGGUU	-0.0161326756179687	0.632030364621418	1.0674385798481	3.69560661257549
GCUGGUG	-0.0133802866945892	0.911987757579287	1.24187144306187	4.26915740790023
ACCCGUA	-0.9587911472529	1.10971422136106	1.13648851937352	0.547295671332666
AACCGUU	-0.693313598632812	0.440112304687498	3.14144897460938	2.21954345703125
GUCAGUU	-1.93616256589796e-06	0.473654235728925	4.05989010520685	12.610583316594
GGCAGUG	-1.62712908059807	2.39155479251268	0.87372253340209	0.890103433093397
UCCAGUU	-0.10105144981164	1.09622822672249	0.906135458122544	3.31637750537427
AACAGUC	-0.0070957113738719	0.303877191766144	1.5578468594109	3.81140639023047
UGUGCUU	-24.1056188383666	24.9225552394259	1.1424348002395	-0.539162707467345
AUGGCUU	-0.328668328213731	1.1060453656217	3.18546635240317	10.3172969701456
UGACCUA	-6.32514514092234e-12	0.232519757934649	6.86935296759555	23.5109827123535
AAUACUG	-110.942625324835	111.086270778938	416.892972007081	660.37933513688
AACACUG	-0.473779088618927	2.94943262221478	0.297575257105651	2.31276441024934
UCACAUU	-1.11213997880576	1.64602894377898	0.134023399627037	-0.727025489572774
UGAAAUG	-0.00947710351346346	0.130990462544457	19.4052183664289	20.0304281527555
UUUUUGC	-0.693313598632812	0.440112304687498	3.14144897460938	2.21954345703125
AAGGUGC	-0.693313598632812	0.440112304687498	3.14144897460938	2.21954345703125
GUAGUGU	-1.11598293857419	3.61543529054976	0.241494866959115	1.25291035619241
GGAGUGU	-0.693313598632812	0.440112304687498	3.14144897460938	2.21954345703125
CCAGUGU	-0.0375202441389224	0.863423225131475	0.867218247088261	3.13494213817036
AAAGUGC	-3.1717462986141	3.80635239463084	0.122962375590794	-1.60286264731689
ACCCUGU	-3.39362037452768	4.14235337472977	0.76990531442238	0.629282142999104
AACCUGG	-0.0415195776439684	0.40400068989678	0.768553316696102	2.20511253065352
GAUAUGU	-0.0780024036672239	0.798335708091385	1.25932417883647	7.31285730627684
GAGAUGA	-0.644998783853135	0.906299922470288	2.16371617049267	3.1634529117219
GGAAUGU	-21.1769568945173	21.8595369166622	1.68242543248019	0.782681001915711
CUUUGGU	-21.3028397198432	22.133383582068	1.20773026142565	-0.0581745723250073
GGACGGA	-0.0692553339038199	0.448667947709254	4.82367797404657	3.10212692284441
UGUGCGU	-17.3963483477396	17.6113321040427	2.13098246595737	-0.397895921642087
AGGUAGU	-0.48124600030936	2.52167781490829	0.109515934805073	1.44992583152247
GAUCAGA	-0.00382822171512165	0.0897412276502908	5.23533365243471	3.37270539093567
CUACAGU	-0.651121619180222	0.717283414250859	5.61820068987027	-2.0056832182843
UCACAGU	-0.0357430556702615	0.778397552815048	1.40065347101678	4.675588463818
GGCAAGA	-2.8933073045383	3.13042782380132	6.62288371716535	11.6567793801809
UUGUUCG	-0.00507104209934653	0.363860780318718	2.01317918426734	4.35985345010876
ACAUUCA	-0.00160286785391296	0.529493125458659	1.7695305173395	5.88557893262832
CGUGUCU	-0.0474066413019765	0.233706355161742	5.60615372660927	1.64890211040307
UUGGUCC	-0.00375076733930532	0.866979977387678	1.67993166453271	5.52271967726348
AAUCUCA	-0.000266661082257599	0.646173781772705	19.539476370751	47.1764668458875
AAUCUCU	-0.000266661082257599	0.646173781772705	19.539476370751	47.1764668458875
UAUUGCU	-29.7642443886997	30.6494566015829	2.04210382476571	2.30443852290043
AUGUGCC	-0.746966349536734	2.516023748467	0.177090757970469	0.98998219436936
CAGUGCA	-0.111943855066466	0.979682018162991	0.688014371971736	2.08229839974243
AAGUGCU	-9.35604017543625e-05	0.753180881225792	3.09076467264457	9.14787384774667
AGCUGCC	-0.54071380659983	1.08309145257086	1.56261780096065	3.85141071252788
UAAUGCU	-0.0116930765369422	0.741304557031534	1.1401774893075	4.19052403162695
ACUGGCC	-0.131790899615025	0.663343905377852	2.67665650593359	8.99086863620639
AGCAGCA	-0.000532121519227172	0.86329405639713	2.25359104786424	7.5037005483784
AGCAGCG	-0.000532121519227172	0.86329405639713	2.25359104786424	7.5037005483784
AAUGCCC	-0.072599819813302	0.509669854047093	3.53663296705263	12.2042878619755
CGACCCA	-0.693313598632812	0.440112304687498	3.14144897460938	2.21954345703125
CGUACCG	-8.67888436775802	9.17888198438226	1.29372115365327	-0.102178871245373
AGCACCA	-20.415743044534	21.3658276055993	1.5034420841552	0.904556438490609
UAAGACG	-0.0105946963778874	0.412706037105432	22.1724946617491	41.0202695346432
UAAGACU	-0.0105946963778874	0.412706037105432	22.1724946617491	41.0202695346432
GAGAACU	-0.000295192635089497	0.124814629422441	11.2175922877326	6.60547040460124
GUAAACA	-0.0261727501063769	0.81063125290672	7.52680967730356	20.7194302564432
AGCUUAU	-1.13205221972706	1.5300580320288	0.256826156061886	-1.00511503696366
GAGGUAG	-19.1757185248891	20.1324465827483	1.20519593607371	0.149796042394506
UGCAUAG	-0.0876877714345345	0.911632100437932	3.85078548359433	14.0774821886158
CCCUGAG	-0.167574241143929	0.983425392282316	3.3487885294678	12.2889116549698
AACGGAA	-0.693313598632812	0.440112304687498	3.14144897460938	2.21954345703125
GGAAGAC	-0.619094669689172	0.721730789357115	379.703935332013	376.649353421621
CCUUCAU	-2.14370453334642	2.30176775943	0.807903647007272	-2.56690039794313
GGCUCAG	-0.000776138792224605	0.177432108219926	17.2045577389331	50.4727642789431
AUUGCAC	-0.471514813899495	1.27011339036402	2.6916969604683	8.86616104833002
AGUGCAA	-13.1795439669422	14.0460042213412	1.03301602749878	-0.111743000795288
ACUGCAU	-4.98596887078503e-07	0.515853487729855	4.82021876384376	18.0247784453811
UUGGCAA	-0.000917543897604497	0.741648640258303	3.15117352772707	10.3664413460528
UUGGCAC	-0.000917543897604497	0.741648640258303	3.15117352772707	10.3664413460528
AUGGCAC	-0.109392284573579	0.642818640771446	2.28467462462191	7.85873472686136
GCAGCAU	-0.00152166121225072	0.452153216193241	2.10214940945296	5.7951313770385
CCAGCAU	-3.31566963698422	3.63018062561341	1.98962933846144	1.61088386134259
CUCCCAA	-0.693313598632812	0.440112304687498	3.14144897460938	2.21954345703125
GCUACAU	-0.289075640096945	3.68429542992405	0.259602028320684	2.57548204541685
AUGACAC	-1.5332806130849	1.60928161833676	23.3716618265305	5.14310856456703
GUAACAG	-0.000176003913178257	0.545994319113322	17.6065607717371	70.4919574044381
GUGCAAA	-2.88403727236422	3.46668711627623	13.1989881484212	36.8455423517122
