family_ID	#kmer	B_0	B_1	B_2	B_3
UCACAGU	-4.32084003021007	5.11433993103678	0.828571718414179	0.219028763485986
UGAAAUG	-11.5032983382134	11.8211914192075	1.30848106604534	-2.33552246659852
UUGGUCC	-6.30413769916362	7.31186285958751	0.561644915774525	-0.869524316213792
UUGGCAC	-36.3701252364722	37.2183253666159	1.54433316007179	0.27244386472962
UACAGUA	-1.63736632783097	2.13106652078132	0.526349738794667	-0.22849587270131
UAAGGCA	-0.128984744517133	0.994884613049817	2.02862973111425	6.25825415612202
UCCCUUU	-10.9602549777602	11.152016292175	379.581863852893	734.968218685733
UAGUGUU	-4.35422100305565	5.02961052125792	1.07630611883528	0.374822490308194
AGUGGUU	-19.7585157931945	20.4224725110049	0.531786554587002	-2.98760637243425
AACCGUU	-8.06634976695666	8.27835780204839	2.21406054289142	-0.588796791378554
GUCAGUU	-0.979477172221934	1.5085271311376	0.470045560963086	-0.437356235194704
UCCAGUU	-3.86229134236275	4.69046504918957	0.583425114772443	-0.539956626718014
GGGUCUU	-0.693313598632812	0.440112304687498	3.14144897460938	2.21954345703125
UGUGCUU	-1.22138157987096	2.12844467960136	0.738433823808633	1.05228415541436
AGUGCUU	-0.0662385855294944	0.96084687361838	0.902723256484653	2.64825971924722
AUGGCUU	-4.4585248168322	5.47018175344004	0.515266393265529	-0.404060053186424
AGCCCUU	-0.0100807857837498	0.820670586505458	1.35199000186571	4.45473041915239
CAUACUU	-0.529810023829039	0.608930542887004	7.30352864996959	-1.53636970728593
UCACAUU	-4.00343956149175	4.36731423335953	0.248556622216342	-2.38567182943544
GUAGUGU	-11.7877578968791	12.5702784867725	1.77366898691563	2.13171835676081
GGAGUGU	-1.37013883741689	1.71161163998677	2.09417652859336	4.65824129663266
CCAGUGU	-0.138834270597311	1.3709457131242	0.48761920804111	2.20758463355235
ACCCUGU	-4.78533199013563e-08	0.649311358067879	5.83882485462565	22.7807245754396
GAUAUGU	-0.693313598632812	0.440112304687498	3.14144897460938	2.21954345703125
GGAAUGU	-0.06238768992069	0.901738014716041	1.70565590257296	5.4138192638901
GAAAUGU	-0.10800952162829	0.343761884289255	29.7212454030945	15.6275046994505
CUUUGGU	-0.0845182381653769	1.00684138461016	1.31082294281987	3.93825631873528
UGUGCGU	-0.041319672554294	0.31532773939713	4.88975702893123	2.13630668296658
GUACCGU	-1.04973632313905	1.14064215178212	1.37896305335183	0.645184562494295
AGGUAGU	-0.0404359482849138	0.90507306031232	1.86770922223915	5.60394424962032
CAGUAGU	-1.50284791881758	2.38330290825852	0.993679249375678	1.86361697445618
CUACAGU	-0.000114721049501258	0.201777510111823	15.4632658062403	58.5371944561718
AUAAAGU	-0.00848762170254	0.743808836233468	1.01926636939556	4.51266492749264
CGUGUCU	-55.4368853559812	55.6315586585223	601.483555017497	84.647375146053
AAUCUCU	-0.693313598632812	0.440112304687498	3.14144897460938	2.21954345703125
UAUUGCU	-2.69285927720037	3.57100743059436	1.5007525364937	3.29914512576445
AAGUGCU	-9.65796968120374e-05	0.772741059923647	2.65528648361412	9.11995529787665
UAAUGCU	-14.9236856660522	15.1550701682947	691.787397215014	584.460198957515
UAAGACU	-0.693313598632812	0.440112304687498	3.14144897460938	2.21954345703125
UGGCACU	-0.0729612725402073	1.43785653498575	0.604744446893277	2.95914141270223
GAGAACU	-0.00555547867777191	0.0881392216987403	5.52296443177527	2.97516715484479
AGCUUAU	-0.164087421511274	0.682046493643449	3.55439601156279	11.0695451767027
ACAGUAU	-0.000387168604308809	0.946752420007065	2.42707162326586	7.9229162659295
CCUUCAU	-1.26388057011793	3.83160947124625	0.116065490252826	0.986567775227047
ACUGCAU	-37.1912663451604	37.3967975047823	762.070949158203	419.4605128679
GCAGCAU	-0.382374747587024	1.11557709780181	1.2449632696682	2.73094652041257
CCAGCAU	-0.67813550623695	0.839199609538635	5.21198336458113	-1.17694551839697
GCUACAU	-7.4429591235637e-06	0.104708210702625	5.89671636123269	11.1861844590016
UGCAUUG	-0.22184946276176	0.428206492430625	477.912996091811	1503.15555131883
GCUGGUG	-0.0460659591546903	1.07668984757365	0.87407799148501	3.15154929575858
GGCAGUG	-0.696374804079235	1.50312627487074	0.919858909660969	1.47469590849651
CACAGUG	-0.674963781671303	1.63243137087197	0.606249971624371	1.79092812690255
CUGGCUG	-0.00726574546437091	0.192593530084086	10.1403021322948	3.86972702037794
AAUACUG	-0.0540705272447187	0.987639004913103	0.874553219124698	2.89245272431995
AACACUG	-0.00294345767280075	0.493336005736728	1.82236822752573	5.2067397003544
UCCUAUG	-0.693313598632812	0.440112304687498	3.14144897460938	2.21954345703125
AACCUGG	-0.693313598632812	0.440112304687498	3.14144897460938	2.21954345703125
UGUGCGG	-0.693313598632812	0.440112304687498	3.14144897460938	2.21954345703125
CCACAGG	-1.31971784026988e-05	0.178740766401401	7.48441006488761	9.88783525241347
UUGUUCG	-0.693313598632812	0.440112304687498	3.14144897460938	2.21954345703125
AGCAGCG	-1.09622450431744	1.53242511356256	1.29079935313247	-0.856985050394259
CGUACCG	-0.693313598632812	0.440112304687498	3.14144897460938	2.21954345703125
UAAGACG	-0.225952695267266	0.346129275447225	7.19978550932522	-0.27138336217302
GAGGUAG	-0.221367319203409	1.24081845475817	1.17370692612852	3.41806979609985
UGCAUAG	-1.54787407632217e-06	0.826909452162695	3.77386497384661	13.3773504324767
CCCUGAG	-0.00249609809180401	0.919853355295641	1.69126597974286	5.95251186400898
GGCUCAG	-0.830832989485396	1.74461251078091	0.34117736141742	0.112219397152898
AGAUCAG	-6.0596346217613e-08	0.0862720924575882	11.0850663301126	14.7341269019979
ACCACAG	-0.00202525832329312	0.246036618543213	2.26642349424448	4.90483924158217
GUAACAG	-7.35014215468642	8.05632268323388	0.72762127866494	-0.176227298417864
GAUUGUC	-0.414845546559843	1.36252184674977	1.31824938343534	3.75484294004999
GCCUGUC	-0.111717172608312	0.346228066094002	274.377385591276	521.766667944362
UGCAGUC	-0.0572443327885331	0.441998971041247	16.0096931645298	45.0043469274127
AACAGUC	-0.00090652133229844	0.559747951021057	1.84249402069046	6.5162134362799
UGACAUC	-8.33036456671694	8.47686287682643	695.675763019729	417.073222412525
UUUUUGC	-0.00369501827457715	0.0775058048222712	9.27773397375716	3.45840607955858
AAGGUGC	-0.0131143374708748	0.858880428089925	1.07700649062619	4.22046780427304
AAAGUGC	-59.7551952126699	60.4995492030505	3.61650753681867	6.58734914432505
CCUUGGC	-1.21507487179666e-09	0.14742142622478	9.78805868572165	22.5754366536018
CACCUCC	-25.5958614499231	25.690714888604	672.83789298626	601.253091405345
AUGUGCC	-0.0268687521466777	0.636935489216811	7.02966108914516	26.2264097694836
AGCUGCC	-0.581715153140947	1.58518682534333	0.386145749663114	0.56454736418454
ACUGGCC	-1.44638423208901	2.85740740408135	0.111275707097938	-0.0191363185655703
UGGUCCC	-0.00171952747177725	0.876316402329369	2.2419340058545	6.34379957131573
AAUGCCC	-0.266434807666299	4.45769003534411	0.215000942388067	2.7663758115776
ACAGUAC	-0.608717209266527	1.68582947908394	0.735904325024015	1.4510975153256
GGAAGAC	-0.70936233804593	1.35791578835512	2.21677967410677	5.71464720762122
AUUGCAC	-14.5741943197157	15.348066679185	3.30115140567578	7.83432022416512
AUGGCAC	-0.00477906741661131	0.785669328702568	2.02606839878186	7.33163907563665
AAGGCAC	-1.1052577316443	2.04369968319707	1.40095426855301	3.17296159703714
AUGACAC	-164.983175320348	165.069969296316	449.529930289016	104.832420690544
CAGUAAC	-0.00146191504039117	0.557314849974963	1.73350662910409	6.02754132538831
ACCCGUA	-0.0302983463979665	0.306872560149062	2.34360442859858	7.65498311719839
UGACCUA	-2.0067812006913	2.29421945275847	0.546999083418839	-1.90546775819458
GAGAUGA	-0.000127793650673734	0.246808862122509	6.85872772484011	7.90836391033629
GGACGGA	-1.6187483883855	1.92632289844195	0.685618422938949	-1.00343617394993
GAUCAGA	-0.959795153013599	1.04516119144941	4.06496812783896	-2.05074805288775
GGCAAGA	-9.08110367395686	9.40490697616141	1.1702937274187	-2.25921105849206
ACAUUCA	-0.000566390626897673	0.780223262943486	2.26600550011232	7.34062550179588
AAUCUCA	-0.693313598632812	0.440112304687498	3.14144897460938	2.21954345703125
CAGUGCA	-0.0432158700788419	0.975535631276258	0.837454117407391	3.11323920448073
AGCAGCA	-0.0717065938723185	0.844785429292687	1.0029825819484	2.42794745370004
CAGUCCA	-0.386833170311343	0.690378467095408	1.29552132004635	-0.177686579155673
CGACCCA	-0.693313598632812	0.440112304687498	3.14144897460938	2.21954345703125
AGCACCA	-56.247163461562	57.1238420169643	1.76139017961489	0.308501679585662
GUAAACA	-0.338483086688865	1.04607424999744	2.02465306851189	4.84633597250009
AACGGAA	-0.0915902763248781	0.58296572711065	2.10143746552385	3.01262492597643
AGUGCAA	-0.0679663073188941	0.873133810601198	2.63549072291588	8.48434668769078
UUGGCAA	-3.8450096018051	7.32290749497047	0.0512644490739464	-0.0970198064725648
CUCCCAA	-0.693313598632812	0.440112304687498	3.14144897460938	2.21954345703125
GUGCAAA	-2.58078566083335e-07	0.835012983152214	4.09183342224701	14.9900069395939
