family_ID	#kmer	B_0	B_1	B_2	B_3
UCCCUUU	-1.15890235160174	1.61944269599563	11.8180287443514	36.260388031391
AGUGGUU	-0.480695018352741	1.26942541668777	0.97205502576936	1.64804245521246
AACCGUU	-0.693313598632812	0.440112304687498	3.14144897460938	2.21954345703125
GUCAGUU	-1.36188805500284	1.9325944170361	0.322307699622862	-0.732643531145157
UCCAGUU	-7.91429877994249	8.86073948834665	0.611697429579103	-1.0429249414486
UGUGCUU	-0.38569208662306	1.37751237396965	1.06028419156985	2.7231408501685
AUGGCUU	-5.27841539546736	6.23619300094791	1.1767682609072	1.02943153042931
UCACAUU	-0.244861176881421	0.88913222612283	1.40169484872332	4.2563325616005
GUAGUGU	-9.31762088602106	10.1900057135838	1.100902114203	-0.188842855878533
GGAGUGU	-1.46671854047972	2.01969555116804	1.20117422241819	1.75948741298089
CCAGUGU	-0.0231193292532783	0.954578249358574	1.42079100143371	3.76712270160706
ACCCUGU	-15.0222313057692	15.8584542508616	0.954617250466103	-0.424586354608938
GAUAUGU	-5.96362516086991	6.5844694470957	0.841130097070052	-0.142208560154296
GGAAUGU	-9.40032115937663	10.3884272647652	0.643562199570571	-1.09895498937639
CUUUGGU	-6.96506187030574	7.92265767988097	1.46197202833675	1.9176007710229
UGUGCGU	-13.6117674217351	13.7860440415431	5.75462233029845	3.07459781312181
AGGUAGU	-0.0217951816508907	0.746771715911385	1.5139056922624	4.62224668231793
CUACAGU	-0.110632532937511	0.484471475524729	1.93025944794895	6.54833647706301
UCACAGU	-9.48550238198827	10.5089105515426	0.665767204806658	-0.587669229432606
CGUGUCU	-204.182517545503	204.388841880796	331.695035771199	107.391185351516
AAUCUCU	-0.693313598632812	0.440112304687498	3.14144897460938	2.21954345703125
UAUUGCU	-0.00862566855485737	0.923828704690202	2.53222990857151	8.35505902058618
AAGUGCU	-8.4092278559682	9.24660720238967	0.793844280772467	-0.718622199971454
UAAUGCU	-0.553734186536584	1.50660622186252	0.653241074809107	1.90969813866402
UAAGACU	-1.07320804909762	1.44549961984694	1.02352971653266	2.80665583864943
GAGAACU	-0.693313598632812	0.440112304687498	3.14144897460938	2.21954345703125
AGCUUAU	-5.67340411098942	6.52962041929332	0.788254556295628	-0.168460448873444
ACAGUAU	-0.0618459192926582	0.409950047027795	1.75535453559055	3.82331162175885
CCUUCAU	-5.74308333772167	6.81886702730947	0.37867715644248	-0.918736173532806
ACUGCAU	-5.67058037182253e-09	0.489271288059524	5.4455144942082	18.5456038930705
GCAGCAU	-1.23538116537683	1.95521875531578	3.97972846731395	9.73717446228599
CCAGCAU	-0.775421870565587	1.05198212920528	5.14415802876645	16.1322216147342
GCUACAU	-0.0339847000756949	0.713833521124294	2.34343884697159	7.21919685307681
UGCAUUG	-0.163904336897844	0.860061844741345	1.41983968461987	5.73413292434508
GCUGGUG	-0.0051420403003991	0.961307446634426	1.76710892375509	5.31402606361983
GGCAGUG	-0.00148294015485129	0.888525773024018	2.50135240568494	6.51894654682602
CACAGUG	-12.7913750235807	13.70974897146	0.906970297423511	-0.557400121147731
AAUACUG	-36.8976191181197	37.7987022549113	1.39953943103643	-0.482781170395039
AACACUG	-10.2826188710424	11.1510079766512	0.786759667074682	-0.977963179104793
UGAAAUG	-11.0788902268266	11.5011993097811	0.864710543253118	-2.22531472345878
AACCUGG	-0.126461003240254	0.194617759512771	6.62131454701188	-0.287057489372578
UUGUUCG	-0.693313598632812	0.440112304687498	3.14144897460938	2.21954345703125
AGCAGCG	-0.785046258640135	0.961091618264144	2.48606662088272	2.27004626052929
CGUACCG	-0.693313598632812	0.440112304687498	3.14144897460938	2.21954345703125
UAAGACG	-0.693313598632812	0.440112304687498	3.14144897460938	2.21954345703125
GAGGUAG	-19.5274488277304	20.4881825909231	1.89261216546126	1.38265500496093
UGCAUAG	-13.5476991067277	14.4794770063979	1.71224409691187	2.09761003896273
CCCUGAG	-13.7596384677238	14.7276343465879	1.41397384537926	0.692941456003589
GGCUCAG	-0.60955715170962	1.4658685947933	0.912841263877115	1.43611767681212
GUAACAG	-0.661569120895618	1.23176469381427	1.03850139415452	2.13962355100807
GAUUGUC	-0.703520539586235	1.63231955764832	1.88343986939252	4.92780508123458
AACAGUC	-0.287983162603043	1.06977571080556	1.45383818655345	4.02319407050218
UUUUUGC	-0.693313598632812	0.440112304687498	3.14144897460938	2.21954345703125
AAGGUGC	-0.250085350878183	1.08776297722457	2.17199332256699	5.89138627183606
AAAGUGC	-18.2840118086	19.2483459771932	1.24983937970202	-0.133086045184997
UUGGUCC	-0.164564004126165	1.06926578052284	1.82652099988789	5.00397990783325
AUGUGCC	-0.693313598632812	0.440112304687498	3.14144897460938	2.21954345703125
AGCUGCC	-0.429658013352165	1.33372735725416	1.42860686448725	3.21046759901175
ACUGGCC	-4.31388577749926	5.16971689691003	0.695926374211478	-0.309584584664239
AAUGCCC	-0.997191690287538	1.81070551966965	1.24909428751219	2.37481264221822
ACAGUAC	-0.148529806019506	0.962867310512044	1.84680026212393	5.70137841972795
GGAAGAC	-47.7594540142443	48.6228908831082	1.58906946275738	0.230034956818395
AUUGCAC	-25.9537844002279	26.907407688217	1.46409982986978	0.344697468597062
UUGGCAC	-1.01003549802291	1.91122687371303	2.10015937073786	4.86707931471639
AUGGCAC	-1.12352285202027	2.00270908238393	1.25907441733338	2.45545487749941
AAGGCAC	-5.24351975844988	6.22895230735464	1.27810110294891	1.22981552449676
AUGACAC	-6.18292443449238	6.29716980686302	13.83803162973	3.51638508522998
ACCCGUA	-0.693313598632812	0.440112304687498	3.14144897460938	2.21954345703125
UGACCUA	-0.693313598632812	0.440112304687498	3.14144897460938	2.21954345703125
GAGAUGA	-0.000596185528923675	0.788222075681733	2.07024588393409	7.2897576360519
GGACGGA	-0.0188889370363465	0.488170860734434	11.1703991337628	7.59762740931013
GAUCAGA	-0.0083145783310495	0.0865225685587993	8.95536696665656	2.68915803507379
GGCAAGA	-0.0810772638076058	0.67153614440033	1.59518021271955	3.48350315571458
ACAUUCA	-3.24237970764831e-05	0.759391304273331	2.80915114805246	10.2017955971841
AAUCUCA	-0.693313598632812	0.440112304687498	3.14144897460938	2.21954345703125
CAGUGCA	-0.761689300203156	1.65695982771584	1.65802372414274	3.88795912897793
AGCAGCA	-1.20842946596927	2.1110918980375	1.4627381660345	2.59056252010182
CGACCCA	-0.693313598632812	0.440112304687498	3.14144897460938	2.21954345703125
AGCACCA	-2.78643040314831	3.73646382532529	1.72114183783013	2.94320496068841
GUAAACA	-0.0938635476804506	1.0477985551707	1.73642674707963	5.51648973538117
AACGGAA	-4.10976631655848	4.25409501900778	256.645356528274	804.955865015544
AGUGCAA	-9.86431649124238	10.8195003892455	1.35105537982724	1.21589019725691
UUGGCAA	-0.108636145637425	0.903344667274781	2.04949782559111	5.61627310123333
CUCCCAA	-0.693313598632812	0.440112304687498	3.14144897460938	2.21954345703125
GUGCAAA	-0.947972875873037	1.81607970576768	1.85790773001876	4.42534382323971
UACAGUA	-1.63736632783097	2.13106652078132	0.526349738794667	-0.22849587270131
UAAGGCA	-0.128984744517133	0.994884613049817	2.02862973111425	6.25825415612202
UAGUGUU	-4.35422100305565	5.02961052125792	1.07630611883528	0.374822490308194
GGGUCUU	-0.693313598632812	0.440112304687498	3.14144897460938	2.21954345703125
AGUGCUU	-0.0662385855294944	0.96084687361838	0.902723256484653	2.64825971924722
AGCCCUU	-0.0100807857837498	0.820670586505458	1.35199000186571	4.45473041915239
CAUACUU	-0.529810023829039	0.608930542887004	7.30352864996959	-1.53636970728593
GAAAUGU	-0.10800952162829	0.343761884289255	29.7212454030945	15.6275046994505
GUACCGU	-1.04973632313905	1.14064215178212	1.37896305335183	0.645184562494295
CAGUAGU	-1.50284791881758	2.38330290825852	0.993679249375678	1.86361697445618
AUAAAGU	-0.00848762170254	0.743808836233468	1.01926636939556	4.51266492749264
UGGCACU	-0.0729612725402073	1.43785653498575	0.604744446893277	2.95914141270223
CUGGCUG	-0.00726574546437091	0.192593530084086	10.1403021322948	3.86972702037794
UCCUAUG	-0.693313598632812	0.440112304687498	3.14144897460938	2.21954345703125
UGUGCGG	-0.693313598632812	0.440112304687498	3.14144897460938	2.21954345703125
CCACAGG	-1.31971784026988e-05	0.178740766401401	7.48441006488761	9.88783525241347
AGAUCAG	-6.0596346217613e-08	0.0862720924575882	11.0850663301126	14.7341269019979
ACCACAG	-0.00202525832329312	0.246036618543213	2.26642349424448	4.90483924158217
GCCUGUC	-0.111717172608312	0.346228066094002	274.377385591276	521.766667944362
UGCAGUC	-0.0572443327885331	0.441998971041247	16.0096931645298	45.0043469274127
UGACAUC	-8.33036456671694	8.47686287682643	695.675763019729	417.073222412525
CCUUGGC	-1.21507487179666e-09	0.14742142622478	9.78805868572165	22.5754366536018
CACCUCC	-25.5958614499231	25.690714888604	672.83789298626	601.253091405345
UGGUCCC	-0.00171952747177725	0.876316402329369	2.2419340058545	6.34379957131573
CAGUAAC	-0.00146191504039117	0.557314849974963	1.73350662910409	6.02754132538831
CAGUCCA	-0.386833170311343	0.690378467095408	1.29552132004635	-0.177686579155673
